1 0.166667 0.11992
2 0.3 0.219695
3 0.366667 0.31947
4 0.333333 0.419244
5 0.6 0.51902
6 0.6 0.618795
7 0.666667 0.71857
8 0.833333 0.818345
9 0.833333 0.918121
10 0.966667 1.0179
11 1.06667 1.11767
12 1.06667 1.21745
13 1.26667 1.31722
14 1.36667 1.417
15 1.43333 1.51678
16 1.56667 1.61655
17 1.7 1.71633
18 1.76667 1.81611
19 1.93333 1.91588
20 2 2.01566
21 2.13333 2.11544
22 2.23333 2.21521
23 2.33333 2.31499
24 2.4 2.41477
25 2.46667 2.51455
26 2.5 2.61432
27 2.7 2.7141
28 2.73333 2.81388
29 2.83333 2.91366
30 3.03333 3.01344
31 3.26667 3.11321
32 3.36667 3.21299
33 3.36667 3.31277
34 3.4 3.41255
35 3.56667 3.51233
36 3.63333 3.61211
37 3.9 3.71189
38 3.86667 3.81166
39 3.93333 3.91144
40 3.86667 4.01122
41 4.13333 4.111
42 4.16667 4.21078
43 4.26667 4.31056
44 4.26667 4.41034
45 4.56667 4.51012
46 4.66667 4.6099
47 4.7 4.70968
48 4.8 4.80946
49 4.86667 4.90924
50 4.93333 5.00902
51 5.23333 5.1088
52 5.36667 5.20858
53 5.03333 5.30836
54 5.36667 5.40815
55 5.6 5.50793
56 5.7 5.60771
57 5.73333 5.70749
58 5.86667 5.80727
59 5.9 5.90705
60 5.9 6.00683
61 6.16667 6.10662
62 5.76667 6.2064
63 6.26667 6.30618
64 6.4 6.40596
65 6.56667 6.50574
66 6.9 6.60553
67 6.36667 6.70531
68 6.76667 6.80509
69 6.96667 6.90488
70 7.06667 7.00466
71 7.06667 7.10444
72 7.2 7.20422
73 7.3 7.30401
74 7.26667 7.40379
75 7.36667 7.50357
76 7.5 7.60336
77 7.63333 7.70314
78 7.76667 7.80293
79 7.8 7.90271
80 7.86667 8.00249
81 8.26667 8.10228
82 8.36667 8.20206
83 8.3 8.30185
84 8.4 8.40163
85 8.7 8.50142
86 8.8 8.6012
87 8.7 8.70099
88 8.76667 8.80077
89 8.93333 8.90056
90 8.93333 9.00034
91 8.93333 9.10013
92 9.26667 9.19991
93 9.3 9.2997
94 9.5 9.39949
95 9.63333 9.49927
96 9.56667 9.59906
97 9.7 9.69884
98 9.9 9.79863
99 9.73333 9.89842
100 10.2667 9.9982
101 10 10.098
102 10.1 10.1978
103 10.4 10.2976
104 10.1667 10.3974
105 10.5333 10.4971
106 10.8333 10.5969
107 10.6667 10.6967
108 10.8333 10.7965
109 10.9333 10.8963
110 11.1667 10.9961
111 11.0667 11.0959
112 11.2333 11.1957
113 11.0667 11.2954
114 11.4667 11.3952
115 11.4667 11.495
116 11.6 11.5948
117 11.8 11.6946
118 11.7667 11.7944
119 11.7667 11.8942
120 12.1333 11.994
121 12.1 12.0937
122 12.1 12.1935
123 12.1333 12.2933
124 12.3333 12.3931
125 12.4667 12.4929
126 12.6333 12.5927
127 12.3 12.6925
128 12.8667 12.7923
129 12.9667 12.8921
130 13.0667 12.9919
131 13.1 13.0916
132 13.0333 13.1914
133 13.2667 13.2912
134 13.3667 13.391
135 13.6333 13.4908
136 13.5667 13.5906
137 13.6667 13.6904
138 13.7667 13.7902
139 14.0333 13.89
140 14.1 13.9898
141 14 14.0896
142 14.1 14.1893
143 14.2667 14.2891
144 14.5 14.3889
145 14.4 14.4887
146 14.8 14.5885
147 14.6333 14.6883
148 14.5667 14.7881
149 14.8333 14.8879
150 14.9333 14.9877
151 15.1333 15.0875
152 15.0333 15.1873
153 15.2667 15.2871
154 15.3333 15.3869
155 15.4333 15.4867
156 15.3667 15.5864
157 15.6667 15.6862
158 15.7667 15.786
159 15.9333 15.8858
160 16.2 15.9856
161 16.0333 16.0854
162 16.2 16.1852
163 16.1 16.285
164 16.6667 16.3848
165 16.4333 16.4846
166 16.6333 16.5844
167 16.6333 16.6842
168 16.9667 16.784
169 17.4 16.8838
170 16.8333 16.9836
171 16.8667 17.0834
172 17.1667 17.1832
173 17.3667 17.283
174 17.3667 17.3827
175 17.7333 17.4825
176 17.5333 17.5823
177 17.6333 17.6821
178 18.2 17.7819
179 18 17.8817
180 17.9333 17.9815
181 18.0333 18.0813
182 18.4667 18.1811
183 18.4 18.2809
184 18.2667 18.3807
185 18.3333 18.4805
186 18.6667 18.5803
187 18.5667 18.6801
188 18.7667 18.7799
189 18.7 18.8797
190 18.4 18.9795
191 19.0333 19.0793
192 19.6667 19.1791
193 18.8667 19.2789
194 19.1667 19.3787
195 19.3333 19.4785
196 19.6667 19.5783
197 19.5 19.6781
198 19.6667 19.7779
199 19.6667 19.8777
200 19.9 19.9775
201 19.7667 20.0773
202 19.5667 20.1771
203 20.4 20.2769
204 20.3333 20.3767
205 20.2667 20.4765
206 20.9 20.5763
207 20.3 20.6761
208 20.9 20.7759
209 20.6667 20.8757
210 21 20.9755
211 20.9 21.0753
212 21.0667 21.1751
213 21.1 21.2749
214 21.4667 21.3747
215 21.6 21.4745
216 21.3667 21.5743
217 21.5333 21.6741
218 22.1333 21.7739
219 21.9667 21.8737
220 21.9667 21.9735
221 22.2667 22.0733
222 22 22.1731
223 22.2333 22.2729
224 22.2333 22.3727
225 21.9667 22.4725
226 22.7 22.5723
227 22.6667 22.6721
228 22.5667 22.7719
229 22.7667 22.8717
230 23 22.9715
231 23.0333 23.0713
232 23.5333 23.1711
233 23.3 23.2709
234 23.2667 23.3707
235 23.4667 23.4705
236 23.5667 23.5703
237 23.6667 23.6701
238 24.0333 23.7699
239 23.8667 23.8697
240 24.0667 23.9695
241 24.0667 24.0693
242 24.1667 24.1691
243 24.3333 24.2689
244 24.3667 24.3687
245 24.2 24.4685
246 24.6 24.5683
247 24.6667 24.6681
248 24.8 24.768
249 25.4 24.8678
250 25 24.9676
251 25.1667 25.0674
252 25 25.1672
253 24.1333 25.267
254 25.1667 25.3668
255 25.3667 25.4666
256 25.6 25.5664
257 25.6667 25.6662
258 25.7333 25.766
259 25.8667 25.8658
260 26 25.9656
261 26.2333 26.0654
262 26.0667 26.1652
263 26.1667 26.265
264 26.3333 26.3648
265 26.1333 26.4646
266 26.2667 26.5645
267 25.6667 26.6643
268 26.7333 26.7641
269 27 26.8639
270 26.9667 26.9637
271 27.3 27.0635
272 27.2333 27.1633
273 27.2667 27.2631
274 27.4 27.3629
275 27.5 27.4627
276 28.8 27.5625
277 27.6 27.6623
278 27.9 27.7621
279 27.8333 27.862
280 27.7 27.9618
281 28 28.0616
282 28.7667 28.1614
283 28.2667 28.2612
284 28.2 28.361
285 28.5333 28.4608
286 28.4667 28.5606
287 28.6667 28.6604
288 28.6333 28.7602
289 28.7667 28.86
290 28.8667 28.9599
291 29.1 29.0597
292 29.5667 29.1595
293 29.1333 29.2593
294 29.4333 29.3591
295 29.4333 29.4589
296 29.4 29.5587
297 29.5 29.6585
298 29.6333 29.7583
299 29.8 29.8581
300 29.9667 29.958
301 30.0333 30.0578
302 30.2667 30.1576
303 30.1667 30.2574
304 29.9333 30.3572
305 30.4 30.457
306 30.6667 30.5568
307 30.5333 30.6566
308 31 30.7564
309 31.3 30.8563
310 31.0333 30.9561
311 31.1 31.0559
312 33.0333 31.1557
313 31.4 31.2555
314 31.2667 31.3553
315 31.7 31.4551
316 32 31.5549
317 31.7333 31.6548
318 31.8 31.7546
319 31.8 31.8544
320 32.3667 31.9542
321 31.7667 32.054
322 32.1667 32.1538
323 32.1333 32.2536
324 32.5 32.3535
325 32.7333 32.4533
326 32.7667 32.5531
327 32.6333 32.6529
328 32.2333 32.7527
329 32.7333 32.8525
330 32.8667 32.9523
331 33.0667 33.0522
332 33.0333 33.152
333 34.8667 33.2518
334 36.1 33.3516
335 33.6333 33.4514
336 33.3 33.5512
337 33.4667 33.651
338 33.5 33.7509
339 33.9333 33.8507
340 34.4667 33.9505
341 34.1 34.0503
342 34.2 34.1501
343 34.4333 34.2499
344 33.4 34.3498
345 34.7 34.4496
346 34.6667 34.5494
347 34.7333 34.6492
348 35.4667 34.749
349 34.8 34.8488
350 35.1 34.9487
351 36.4 35.0485
352 35.2 35.1483
353 35.1667 35.2481
354 35.3333 35.3479
355 35.7333 35.4477
356 35.8667 35.5476
357 35.3333 35.6474
358 35.5333 35.7472
359 35.7667 35.847
360 35.6333 35.9468
361 36.2 36.0466
362 36.4 36.1465
363 35.9 36.2463
364 36.1333 36.3461
365 36.2 36.4459
366 36.5 36.5457
367 36.5 36.6456
368 36.4667 36.7454
369 36.6333 36.8452
370 36.8667 36.945
371 36.7667 37.0448
372 37.1333 37.1447
373 37.4 37.2445
374 37.2667 37.3443
375 37.2 37.4441
376 37.6 37.5439
377 38 37.6438
378 38.2333 37.7436
379 41.1 37.8434
380 38.7333 37.9432
381 37.8333 38.043
382 37.8 38.1429
383 37.5667 38.2427
384 38.4333 38.3425
385 38.7333 38.4423
386 38.6333 38.5421
387 38.6333 38.642
388 38.4 38.7418
389 38.9333 38.8416
390 38.8 38.9414
391 38.6333 39.0413
392 39.1667 39.1411
393 39.6667 39.2409
394 39.3333 39.3407
395 39.9 39.4405
396 39.5 39.5404
397 39.7667 39.6402
398 39.8 39.74
399 39.7333 39.8398
400 39.8 39.9397
401 40.1333 40.0395
402 39.8667 40.1393
403 39.8333 40.2391
404 40 40.3389
405 40.2 40.4388
406 40.7667 40.5386
407 40.6333 40.6384
408 40.4 40.7382
409 40.5667 40.8381
410 39.4333 40.9379
411 40.9333 41.0377
412 40.9 41.1375
413 41.3667 41.2374
414 41.6 41.3372
415 40.9667 41.437
416 41.2333 41.5368
417 41.6333 41.6367
418 41.3333 41.7365
419 41.6333 41.8363
420 44.1333 41.9361
421 41.8667 42.036
422 42.4333 42.1358
423 42.6667 42.2356
424 42.4 42.3354
425 42.0333 42.4353
426 42.2333 42.5351
427 42.7667 42.6349
428 42.7 42.7347
429 42.8 42.8346
430 43.1667 42.9344
431 43.0333 43.0342
432 42.7667 43.1341
433 43.1667 43.2339
434 43.2667 43.3337
435 43.6667 43.4335
436 43.4667 43.5334
437 43.9333 43.6332
438 43.8 43.733
439 43.4667 43.8328
440 43.8667 43.9327
441 43.7333 44.0325
442 43.8667 44.1323
443 43.9333 44.2322
444 44.8 44.332
445 44.4333 44.4318
446 44.3333 44.5316
447 44.7 44.6315
448 45.0333 44.7313
449 44.7667 44.8311
450 45.5 44.931
451 45.5667 45.0308
452 45.1667 45.1306
453 45.1667 45.2304
454 45.8667 45.3303
455 46.0333 45.4301
456 45.9333 45.5299
457 45.6 45.6298
458 43.7333 45.7296
459 45.9 45.8294
460 45.9 45.9293
461 45.7333 46.0291
462 45.9333 46.1289
463 45.9 46.2287
464 46.5667 46.3286
465 46.3667 46.4284
466 46.8333 46.5282
467 46.3667 46.6281
468 46.5 46.7279
469 46.8333 46.8277
470 47.1667 46.9276
471 46.9 47.0274
472 47.1333 47.1272
473 47.3 47.2271
474 47.3333 47.3269
475 47.4333 47.4267
476 47.3 47.5266
477 47.1 47.6264
478 47.4333 47.7262
479 47.7667 47.8261
480 47.9667 47.9259
481 47.5 48.0257
482 49.4667 48.1255
483 48.0333 48.2254
484 48.5 48.3252
485 47.7333 48.425
486 48.4 48.5249
487 47.9 48.6247
488 48.8333 48.7245
489 49.5667 48.8244
490 49.4667 48.9242
491 49.2667 49.0241
492 48.8667 49.1239
493 49.7667 49.2237
494 49.3 49.3236
495 48.9667 49.4234
496 49.3333 49.5232
497 49.3 49.6231
498 49.4333 49.7229
499 49.7 49.8227
500 49.3667 49.9226
501 50.1333 50.0224
502 50.1333 50.1222
503 50.3333 50.2221
504 50.5333 50.3219
505 50.2333 50.4217
506 50.4667 50.5216
507 50.4333 50.6214
508 50.4333 50.7212
509 51.0667 50.8211
510 50.7333 50.9209
511 51 51.0208
512 51.1667 51.1206
513 51.2333 51.2204
514 51.2667 51.3203
515 51.5333 51.4201
516 51.1667 51.5199
517 50 51.6198
518 51.6333 51.7196
519 51.9 51.8195
520 51.9 51.9193
521 51.6667 52.0191
522 51.8 52.119
523 52.3 52.2188
524 52.1 52.3186
525 52.4 52.4185
526 52 52.5183
527 52.8667 52.6182
528 52.2333 52.718
529 51.5667 52.8178
530 52.6667 52.9177
531 52.9333 53.0175
532 52.7333 53.1173
533 53.9667 53.2172
534 53.4333 53.317
535 53.3333 53.4169
536 53.3667 53.5167
537 53.5333 53.6165
538 53.7 53.7164
539 53.8667 53.8162
540 54.3333 53.9161
541 54.2333 54.0159
542 54.3333 54.1157
543 54.5667 54.2156
544 54.5 54.3154
545 54.2 54.4153
546 54.5333 54.5151
547 54.5667 54.6149
548 54.6 54.7148
549 54.8667 54.8146
550 54.7 54.9145
551 54.5333 55.0143
552 54.6 55.1142
553 54.8 55.214
554 55.2333 55.3138
555 54.6 55.4137
556 55.3667 55.5135
557 55.9 55.6134
558 55.7667 55.7132
559 56.1667 55.813
560 56 55.9129
561 55.5333 56.0127
562 56.2333 56.1126
563 55.9667 56.2124
564 58.1333 56.3123
565 56.1333 56.4121
566 56.1 56.5119
567 56.3333 56.6118
568 56.4667 56.7116
569 56.8667 56.8115
570 56.8333 56.9113
571 57 57.0112
572 57.3333 57.111
573 57.1 57.2109
574 57.1667 57.3107
575 57.6333 57.4105
576 57.3667 57.5104
577 57.6 57.6102
578 57.8667 57.7101
579 57.8 57.8099
580 56.9 57.9098
581 57.7667 58.0096
582 58.1 58.1095
583 58.1667 58.2093
584 58.7333 58.3091
585 58.0667 58.409
586 58.7333 58.5088
587 58.4333 58.6087
588 58.5 58.7085
589 58.6667 58.8084
590 58.6667 58.9082
591 58.6667 59.0081
592 59.6 59.1079
593 59.5667 59.2078
594 58.9 59.3076
595 59.2667 59.4074
596 60 59.5073
597 59.9333 59.6071
598 59.6333 59.707
599 59.5667 59.8068
600 59.7667 59.9067
601 59.7667 60.0065
602 59.8 60.1064
603 60.5 60.2062
604 60.3667 60.3061
605 60.7667 60.4059
606 60.4333 60.5058
607 60.3 60.6056
608 60.3333 60.7055
609 60.8667 60.8053
610 61 60.9052
611 60.7667 61.005
612 61.3667 61.1049
613 61.1667 61.2047
614 61 61.3046
615 61.6 61.4044
616 61.5667 61.5043
617 62.3667 61.6041
618 63.3667 61.704
619 64.4667 61.8038
620 63.4667 61.9037
621 62.5 62.0035
622 63.5 62.1034
623 64.0667 62.2032
624 63.4667 62.3031
625 63.2 62.4029
626 62.8667 62.5028
627 62.3 62.6026
628 62.4667 62.7025
629 62.7 62.8023
630 63.2333 62.9022
631 61.3 63.002
632 62.3333 63.1019
633 63.4667 63.2017
634 64.3667 63.3016
635 66.9333 63.4014
636 63.4667 63.5013
637 64.9667 63.6011
638 63.9333 63.701
639 64.2667 63.8008
640 64.1 63.9007
641 63.6333 64.0005
642 63.9 64.1004
643 64.1 64.2002
644 64.4333 64.3001
645 63.9 64.3999
646 64.2333 64.4998
647 64.3 64.5996
648 64.4667 64.6995
649 64.8 64.7993
650 65.5333 64.8992
651 64.9 64.9991
652 64.6667 65.0989
653 65.5667 65.1988
654 65.5333 65.2986
655 65.2333 65.3985
656 65.4667 65.4983
657 65.1333 65.5982
658 65.6 65.698
659 66 65.7979
660 65.4 65.8977
661 65.5667 65.9976
662 65.9 66.0974
663 65.8667 66.1973
664 66.3333 66.2972
665 66.4333 66.397
666 66.3667 66.4969
667 66.5 66.5967
668 66.2333 66.6966
669 67.0667 66.7964
670 67.5333 66.8963
671 65.7333 66.9961
672 67.2667 67.096
673 66.7667 67.1959
674 67.6 67.2957
675 67.2 67.3956
676 66.9333 67.4954
677 67.3 67.5953
678 67.4333 67.6951
679 67.3667 67.795
680 67.5667 67.8949
681 68.4667 67.9947
682 68.4667 68.0946
683 67.9 68.1944
684 67.9333 68.2943
685 68.2667 68.3941
686 67.9667 68.494
687 68.6 68.5939
688 69 68.6937
689 68.2 68.7936
690 68.9 68.8934
691 70.4333 68.9933
692 68.9333 69.0931
693 69.0667 69.193
694 69.1333 69.2929
695 69.5333 69.3927
696 69 69.4926
697 69.6667 69.5924
698 69.6667 69.6923
699 69.2667 69.7922
700 69.6 69.892
701 69.7 69.9919
702 68.5 70.0917
703 70.1667 70.1916
704 70.1333 70.2915
705 70.4333 70.3913
706 71.4333 70.4912
707 70.6 70.591
708 70.6 70.6909
709 70.4667 70.7908
710 70.9333 70.8906
711 70.3333 70.9905
712 70.5667 71.0903
713 71.4667 71.1902
714 70.9667 71.2901
715 71.2333 71.3899
716 71.0333 71.4898
717 71.6333 71.5896
718 73.3333 71.6895
719 71.5667 71.7894
720 71.7333 71.8892
721 72.3333 71.9891
722 71.5 72.089
723 72.1667 72.1888
724 72.0667 72.2887
725 72.2667 72.3885
726 72.5333 72.4884
727 72.8667 72.5883
728 72.4333 72.6881
729 72.5 72.788
730 73.3333 72.8879
731 72.7667 72.9877
732 73.3 73.0876
733 72.8667 73.1874
734 76.0333 73.2873
735 72.7 73.3872
736 73.8 73.487
737 73.6667 73.5869
738 73.6333 73.6868
739 73.6333 73.7866
740 73.9 73.8865
741 74.0333 73.9864
742 74.0667 74.0862
743 73.6667 74.1861
744 74.8333 74.286
745 73.8333 74.3858
746 75.1 74.4857
747 75.3 74.5855
748 74.9333 74.6854
749 74.2667 74.7853
750 73.9333 74.8851
751 74 74.985
752 74.8333 75.0849
753 76.1333 75.1847
754 75.1333 75.2846
755 75.3667 75.3845
756 75.4333 75.4843
757 74.3333 75.5842
758 76.1 75.6841
759 75 75.7839
760 76 75.8838
761 76.2 75.9837
762 76.1667 76.0835
763 75.9667 76.1834
764 76.2333 76.2833
765 74.6 76.3831
766 76.7667 76.483
767 76.5667 76.5829
768 76.2 76.6827
769 75.8667 76.7826
770 76.2333 76.8825
771 76.8 76.9823
772 77.2 77.0822
773 76.8 77.1821
774 76.4333 77.2819
775 77.6 77.3818
776 77.5 77.4817
777 77.0333 77.5816
778 77.6667 77.6814
779 77.7333 77.7813
780 77.2 77.8812
781 79.5333 77.981
782 78.9667 78.0809
783 77.6667 78.1808
784 77.7 78.2806
785 80.0333 78.3805
786 78.1333 78.4804
787 77.7667 78.5802
788 78.6 78.6801
789 78.8333 78.78
790 78.8 78.8799
791 78.9333 78.9797
792 79.2667 79.0796
793 77.0667 79.1795
794 78.8333 79.2793
795 79.2667 79.3792
796 79.8 79.4791
797 79.9667 79.579
798 79.4333 79.6788
799 79.6 79.7787
800 79.5667 79.8786
801 80.0667 79.9784
802 79.8333 80.0783
803 80 80.1782
804 80.4667 80.2781
805 80.1 80.3779
806 80.0667 80.4778
807 79.6333 80.5777
808 80.6667 80.6775
809 80.9 80.7774
810 80.8667 80.8773
811 81.0333 80.9772
812 80.6 81.077
813 80.9667 81.1769
814 81.3667 81.2768
815 81.8333 81.3767
816 82.5667 81.4765
817 81.0333 81.5764
818 81.4 81.6763
819 81.4 81.7761
820 82.5333 81.876
821 81.8667 81.9759
822 81.8667 82.0758
823 81.8 82.1756
824 82.7667 82.2755
825 82.0333 82.3754
826 82.4667 82.4753
827 83 82.5751
828 83 82.675
829 83.0333 82.7749
830 82.6 82.8748
831 86.9333 82.9746
832 86.6 83.0745
833 83.7 83.1744
834 83.1333 83.2743
835 83.7333 83.3741
836 83.4 83.474
837 83.2667 83.5739
838 83.3667 83.6738
839 83.7333 83.7736
840 84.3333 83.8735
841 83.6667 83.9734
842 83.5 84.0733
843 83.6667 84.1732
844 84.3667 84.273
845 84.1667 84.3729
846 84.7667 84.4728
847 84.6 84.5727
848 84.1333 84.6725
849 84.9333 84.7724
850 84.7667 84.8723
851 84.6667 84.9722
852 84.9 85.0721
853 85.3667 85.1719
854 85.0667 85.2718
855 84.8667 85.3717
856 84.7333 85.4716
857 85.2667 85.5714
858 85.3 85.6713
859 85.8667 85.7712
860 85.7 85.8711
861 86.4 85.971
862 86.8333 86.0708
863 86.4 86.1707
864 86.3 86.2706
865 86.1333 86.3705
866 86.1333 86.4704
867 86.8333 86.5702
868 86.5 86.6701
869 87.1333 86.77
870 86.6667 86.8699
871 86.8 86.9698
872 86.1 87.0696
873 86.7667 87.1695
874 87 87.2694
875 86.9667 87.3693
876 86.7667 87.4692
877 87.0667 87.569
878 87.4 87.6689
879 87.3333 87.7688
880 87.7667 87.8687
881 88.1333 87.9686
882 87.8333 88.0684
883 87.9667 88.1683
884 87.6333 88.2682
885 88.4 88.3681
886 88.6333 88.468
887 90.0667 88.5678
888 88.4667 88.6677
889 88.9333 88.7676
890 89.1333 88.8675
891 89.1333 88.9674
892 88.6667 89.0673
893 89.6333 89.1671
894 88.8333 89.267
895 88.7 89.3669
896 90.1333 89.4668
897 89.7 89.5667
898 89.3 89.6666
899 89.5667 89.7664
900 89.4 89.8663
901 89.4333 89.9662
902 89.4667 90.0661
903 89.9 90.166
904 89.5667 90.2659
905 90 90.3657
906 90 90.4656
907 93.1333 90.5655
908 95.2667 90.6654
909 90.5333 90.7653
910 90 90.8652
911 92.5 90.9651
912 90.5333 91.0649
913 91.4 91.1648
914 91.5333 91.2647
915 92 91.3646
916 91.5 91.4645
917 91.3667 91.5644
918 91.9333 91.6643
919 90.0333 91.7641
920 91.4 91.864
921 91.5667 91.9639
922 92.8333 92.0638
923 92.2667 92.1637
924 92.7333 92.2636
925 92.3667 92.3635
926 92.0333 92.4633
927 91.9333 92.5632
928 92.7 92.6631
929 92.2333 92.763
930 93.0667 92.8629
931 92.4 92.9628
932 93.2667 93.0627
933 93.3333 93.1626
934 93.4333 93.2624
935 92.1 93.3623
936 93.2 93.4622
937 93.5 93.5621
938 93.7 93.662
939 94.4667 93.7619
940 93.3 93.8618
941 93.3667 93.9617
942 94.9 94.0615
943 99.5333 94.1614
944 93.3 94.2613
945 94.1667 94.3612
946 95.2667 94.4611
947 93.7333 94.561
948 94.7667 94.6609
949 94.4 94.7608
950 95.2667 94.8607
951 94.6 94.9606
952 94.9667 95.0604
953 95.9667 95.1603
954 93.3667 95.2602
955 95.3 95.3601
956 95.1 95.46
957 95.1 95.5599
958 97.1333 95.6598
959 95.4 95.7597
960 95.6667 95.8596
961 96.3 95.9595
962 96.5 96.0593
963 95.8 96.1592
964 96.2333 96.2591
965 96.2333 96.359
966 95.1667 96.4589
967 97.0333 96.5588
968 96.2667 96.6587
969 96.7 96.7586
970 94.5333 96.8585
971 96.7333 96.9584
972 98.1 97.0583
973 98.1 97.1582
974 97 97.2581
975 97.9333 97.3579
976 97.2333 97.4578
977 97 97.5577
978 98.5667 97.6576
979 97.6333 97.7575
980 97.4667 97.8574
981 97.6667 97.9573
982 98.5 98.0572
983 98.1667 98.1571
984 98.0333 98.257
985 97.6667 98.3569
986 98.4667 98.4568
987 98.0333 98.5567
988 98.2667 98.6566
989 98.3667 98.7565
990 102.533 98.8563
991 98.1333 98.9562
992 98.7667 99.0561
993 99.5333 99.156
994 100.3 99.2559
995 98.9333 99.3558
996 98.9333 99.4557
997 100.2 99.5556
998 100.8 99.6555
999 99.6 99.7554
1000 99.6667 99.8553
