1 0.2 0.10103
2 0.2 0.0949715
3 0.1 0.117451
4 0.25 0.168467
5 0.25 0.248021
6 0.5 0.356112
7 0.6 0.49274
8 0.55 0.657906
9 1 0.851609
10 1.05 1.07385
11 1.3 1.32463
12 1.7 1.60394
13 1.85 1.91179
14 2.25 2.24818
15 2.85 2.61311
16 2.95 3.00658
17 3.4 3.42858
18 3.9 3.87912
19 4.2 4.35819
20 4.85 4.86581
21 5.05 5.40196
22 5.85 5.96665
23 6.45 6.55987
24 7.55 7.18163
25 7.7 7.83193
26 8.5 8.51077
27 9.25 9.21815
28 10 9.95406
29 10.45 10.7185
30 11.4 11.5115
31 12.2 12.333
32 13.05 13.1831
33 13.95 14.0617
34 14.8 14.9688
35 16 15.9045
36 16.9 16.8687
37 17.95 17.8614
38 18.8 18.8827
39 20.05 19.9326
40 20.95 21.0109
41 22 22.1178
42 23.7 23.2532
43 24.1 24.4172
44 25.25 25.6097
45 26.9 26.8308
46 27.95 28.0804
47 29.25 29.3585
48 30.75 30.6651
49 32.4 32.0003
50 33.1 33.3641
51 35 34.7563
52 36.15 36.1771
53 37.75 37.6265
54 39.2 39.1044
55 40.75 40.6108
56 42.1 42.1458
57 43.7 43.7092
58 45.25 45.3013
59 46.9 46.9218
60 48.6 48.571
61 50.35 50.2486
62 52 51.9548
63 53.3 53.6895
64 55.4 55.4528
65 57.35 57.2445
66 59.05 59.0649
67 61.15 60.9137
68 62.4 62.7912
69 64.75 64.6971
70 66.4 66.6316
71 68.35 68.5946
72 71.1 70.5861
73 72.6 72.6062
74 75 74.6549
75 76.8 76.732
76 78.7 78.8377
77 81.1 80.972
78 83 83.1348
79 85.4 85.3261
80 87.55 87.5459
81 90.1 89.7943
82 92 92.0712
83 94.65 94.3767
84 97.85 96.7107
85 98.9 99.0732
86 101.2 101.464
87 103.85 103.884
88 106.15 106.332
89 108.25 108.809
90 111.1 111.314
91 114.4 113.848
92 115.9 116.41
93 119.65 119.001
94 121.7 121.62
95 124 124.268
96 127.45 126.945
97 129.7 129.65
98 132.2 132.383
99 134.75 135.145
100 137.45 137.936
