100000 13403.7 13449.8
101000 13541.7 13601.5
102000 13733.4 13753.5
103000 13885.4 13905.5
104000 14028 14057.6
105000 14196.4 14209.9
106000 14368.9 14362.2
107000 14501.7 14514.7
108000 14580.8 14667.3
109000 14789.6 14820
110000 14930.9 14972.9
111000 15086 15125.8
112000 15346.9 15278.8
113000 15492.9 15432
114000 15750.2 15585.2
115000 15758.8 15738.6
116000 16044.9 15892.1
117000 16069 16045.7
118000 16301.7 16199.3
119000 16357.9 16353.1
120000 16551.1 16507
121000 16672.7 16661
122000 16734.4 16815.1
123000 16922.2 16969.2
124000 17020.1 17123.5
125000 17189.7 17277.9
126000 17312.3 17432.4
127000 17529.4 17587
128000 17792.3 17741.6
129000 17776.1 17896.4
130000 18040 18051.2
131000 18422.7 18206.2
132000 18519.4 18361.2
133000 18671.5 18516.4
134000 18812.9 18671.6
135000 18774.6 18826.9
136000 18944.7 18982.3
137000 19042 19137.8
138000 19481.3 19293.4
139000 19767.2 19449.1
140000 19658.6 19604.8
141000 19644.4 19760.7
142000 19925.7 19916.6
143000 19891.9 20072.6
144000 20346.4 20228.7
145000 20346.2 20384.9
146000 20460.9 20541.2
147000 20743.9 20697.5
148000 20743.8 20854
149000 20899.7 21010.5
150000 21203.2 21167.1
151000 21233.6 21323.8
152000 21415.2 21480.5
153000 21606.9 21637.4
154000 21751.7 21794.3
155000 22271.9 21951.3
156000 21989 22108.3
157000 22282.3 22265.5
158000 22683 22422.7
159000 22807.8 22580
160000 22779.2 22737.4
161000 23008 22894.9
162000 23062.8 23052.4
163000 23082.3 23210
164000 23205.7 23367.7
165000 23359.7 23525.5
166000 23571.2 23683.3
167000 23675.2 23841.2
168000 23818.5 23999.2
169000 23995.4 24157.2
170000 24200.8 24315.3
171000 24445.1 24473.5
172000 24483.9 24631.8
173000 25341.2 24790.1
174000 24843.4 24948.5
175000 25061.3 25107
176000 25206.9 25265.5
177000 25272.8 25424.2
178000 25559.5 25582.8
179000 25591.3 25741.6
180000 25763.2 25900.4
181000 26013.9 26059.3
182000 26058.2 26218.2
183000 26291.3 26377.3
184000 26401.9 26536.3
185000 26637.6 26695.5
186000 27053.2 26854.7
187000 26940 27014
188000 27309.6 27173.3
189000 27632.9 27332.7
190000 27519.8 27492.2
191000 27690.8 27651.7
192000 27819.6 27811.3
193000 27942 27971
194000 28090.7 28130.7
195000 28304.1 28290.5
196000 28467.8 28450.4
197000 28903.4 28610.3
198000 29173.1 28770.3
199000 28807.3 28930.3
200000 28949.3 29090.4
